1.  -337


2.  861


3.  -20


4.  352


5.  389


6.  1156


7.  -37


8.  64


9.  316


10.  108


11.  -214


12.  -57


13.  42


14.  327


15.  47232


16.  4284


17.  18


18.  356


19.  27


20.  -28


21.  42


22.  1715


23.  1491


24.  1


25.  51


26.  -47


27.  221


28.  32


29.  -41


30.  -567


31.  112


32.  371


33.  3360


34.  -55


35.  -799


36.  45


37.  17680


38.  -10


39.  2278


40.  58


41.  -265


42.  -1434


43.  8


44.  76


45.  89


46.  909


47.  -24


48.  -55


49.  49


50.  1


51.  17


52.  77


53.  8856


54.  12384


55.  39


56.  113


57.  1695


58.  3


59.  50


60.  28


61.  -1406


62.  249


63.  48


64.  -30


65.  326


66.  743


67.  573


68.  10


69.  328


70.  -50


71.  -546


72.  -456


73.  17


74.  -9


75.  29


76.  -215


77.  -496


78.  347


79.  3600


80.  1056


81.  589


82.  -1305


83.  -487


84.  77


85.  -51


86.  27


87.  -25


88.  1860


89.  16


90.  75


91.  49


92.  558


93.  -2097


94.  16


95.  1524


96.  186


97.  477


98.  58


99.  6


100.  -10


